addr,pre-run-data,post-run-data
0,94,94
1,46,46
2,171,171
3,111,111
4,206,206
5,133,133
6,102,102
7,128,128
8,48,48
9,89,89
10,220,220
11,137,137
12,183,183
13,60,60
14,159,159
15,168,168
16,183,183
17,245,245
18,105,105
19,198,198
20,121,121
21,112,112
22,15,15
23,70,70
24,73,73
25,41,41
26,211,211
27,207,207
28,254,254
29,21,21
30,76,76
31,103,103
32,234,234
33,220,220
34,236,236
35,125,125
36,147,147
37,172,172
38,227,227
39,59,59
40,218,218
41,133,133
42,48,48
43,244,244
44,36,36
45,144,144
46,124,124
47,147,147
48,130,130
49,204,204
50,48,48
51,75,75
52,17,17
53,96,96
54,211,211
55,112,112
56,203,203
57,229,229
58,227,227
59,132,132
60,239,239
61,117,117
62,159,159
63,23,23
64,15,15
65,23,23
66,192,192
67,148,148
68,30,30
69,119,119
70,19,19
71,228,228
72,213,213
73,146,146
74,240,240
75,96,96
76,58,58
77,231,231
78,111,111
79,119,119
80,187,187
81,191,191
82,53,53
83,20,20
84,165,165
85,200,200
86,38,38
87,240,240
88,112,112
89,90,90
90,214,214
91,144,144
92,74,74
93,189,189
94,185,185
95,231,231
96,129,129
97,233,233
98,161,161
99,194,194
100,36,36
101,33,33
102,135,135
103,50,50
104,84,84
105,123,123
106,81,81
107,162,162
108,30,30
109,198,198
110,232,232
111,69,69
112,181,181
113,114,114
114,207,207
115,176,176
116,145,145
117,83,83
118,72,72
119,130,130
120,197,197
121,40,40
122,25,25
123,32,32
124,219,219
125,238,238
126,241,241
127,101,101
128,134,134
129,211,211
130,130,130
131,9,9
132,23,23
133,128,128
134,202,202
135,139,139
136,210,210
137,168,168
138,211,211
139,171,171
140,9,9
141,70,70
142,34,34
143,206,206
144,0,0
145,0,0
146,0,0
147,0,0
148,0,0
149,0,0
150,0,0
151,0,0
152,0,0
153,0,0
154,0,0
155,0,0
156,0,0
157,0,0
158,0,0
159,0,0
160,0,0
161,0,0
162,0,0
163,0,0
164,0,0
165,0,0
166,0,0
167,0,0
168,0,0
169,0,0
170,0,0
171,0,0
172,0,0
173,0,0
174,0,0
175,0,0
176,0,0
177,0,0
178,0,0
179,0,0
180,0,0
181,0,0
182,0,0
183,0,0
184,0,0
185,0,0
186,0,0
187,0,0
188,0,0
189,0,0
190,0,0
191,0,0
192,0,0
193,0,0
194,0,0
195,0,0
196,0,0
197,0,0
198,0,0
199,0,0
200,0,0
201,0,0
202,0,0
203,0,0
204,0,0
205,0,0
206,0,0
207,0,0
208,0,0
209,0,0
210,0,0
211,0,0
212,0,0
213,0,0
214,0,0
215,0,0
216,0,0
217,0,0
218,0,0
219,0,0
220,0,0
221,0,0
222,0,0
223,0,0
224,0,0
225,0,0
226,0,0
227,0,0
228,0,0
229,0,0
230,0,0
231,0,0
232,0,0
233,0,0
234,0,0
235,0,0
236,0,0
237,0,0
238,0,0
239,0,0
240,0,0
241,0,0
242,0,0
243,0,0
244,0,0
245,0,0
246,0,0
247,0,0
248,0,0
249,0,0
250,0,0
251,0,0
252,0,0
253,0,0
254,0,0
255,0,0
2008,185,185
2009,143,143
2010,203,203
2011,112,112
2012,224,224
2013,245,245
2014,67,67
2015,178,178
2016,119,119
2017,145,145
2018,105,105
2019,232,232
2020,19,19
2021,84,84
2022,27,27
2023,80,80
2024,0,119
2025,0,53
2026,0,144
2027,0,209
2028,0,66
2029,0,213
2030,0,190
2031,0,219
2032,0,72
2033,0,47
2034,0,189
2035,0,64
2036,0,181
2037,0,13
2038,0,89
2039,0,229
2040,10,10
2041,0,0
2042,0,0
2043,0,0
2048,198,198
2049,99,99
2050,99,99
2051,165,165
2052,248,248
2053,124,124
2054,124,124
2055,132,132
2056,238,238
2057,119,119
2058,119,119
2059,153,153
2060,246,246
2061,123,123
2062,123,123
2063,141,141
2064,255,255
2065,242,242
2066,242,242
2067,13,13
2068,214,214
2069,107,107
2070,107,107
2071,189,189
2072,222,222
2073,111,111
2074,111,111
2075,177,177
2076,145,145
2077,197,197
2078,197,197
2079,84,84
2080,96,96
2081,48,48
2082,48,48
2083,80,80
2084,2,2
2085,1,1
2086,1,1
2087,3,3
2088,206,206
2089,103,103
2090,103,103
2091,169,169
2092,86,86
2093,43,43
2094,43,43
2095,125,125
2096,231,231
2097,254,254
2098,254,254
2099,25,25
2100,181,181
2101,215,215
2102,215,215
2103,98,98
2104,77,77
2105,171,171
2106,171,171
2107,230,230
2108,236,236
2109,118,118
2110,118,118
2111,154,154
2112,143,143
2113,202,202
2114,202,202
2115,69,69
2116,31,31
2117,130,130
2118,130,130
2119,157,157
2120,137,137
2121,201,201
2122,201,201
2123,64,64
2124,250,250
2125,125,125
2126,125,125
2127,135,135
2128,239,239
2129,250,250
2130,250,250
2131,21,21
2132,178,178
2133,89,89
2134,89,89
2135,235,235
2136,142,142
2137,71,71
2138,71,71
2139,201,201
2140,251,251
2141,240,240
2142,240,240
2143,11,11
2144,65,65
2145,173,173
2146,173,173
2147,236,236
2148,179,179
2149,212,212
2150,212,212
2151,103,103
2152,95,95
2153,162,162
2154,162,162
2155,253,253
2156,69,69
2157,175,175
2158,175,175
2159,234,234
2160,35,35
2161,156,156
2162,156,156
2163,191,191
2164,83,83
2165,164,164
2166,164,164
2167,247,247
2168,228,228
2169,114,114
2170,114,114
2171,150,150
2172,155,155
2173,192,192
2174,192,192
2175,91,91
2176,117,117
2177,183,183
2178,183,183
2179,194,194
2180,225,225
2181,253,253
2182,253,253
2183,28,28
2184,61,61
2185,147,147
2186,147,147
2187,174,174
2188,76,76
2189,38,38
2190,38,38
2191,106,106
2192,108,108
2193,54,54
2194,54,54
2195,90,90
2196,126,126
2197,63,63
2198,63,63
2199,65,65
2200,245,245
2201,247,247
2202,247,247
2203,2,2
2204,131,131
2205,204,204
2206,204,204
2207,79,79
2208,104,104
2209,52,52
2210,52,52
2211,92,92
2212,81,81
2213,165,165
2214,165,165
2215,244,244
2216,209,209
2217,229,229
2218,229,229
2219,52,52
2220,249,249
2221,241,241
2222,241,241
2223,8,8
2224,226,226
2225,113,113
2226,113,113
2227,147,147
2228,171,171
2229,216,216
2230,216,216
2231,115,115
2232,98,98
2233,49,49
2234,49,49
2235,83,83
2236,42,42
2237,21,21
2238,21,21
2239,63,63
2240,8,8
2241,4,4
2242,4,4
2243,12,12
2244,149,149
2245,199,199
2246,199,199
2247,82,82
2248,70,70
2249,35,35
2250,35,35
2251,101,101
2252,157,157
2253,195,195
2254,195,195
2255,94,94
2256,48,48
2257,24,24
2258,24,24
2259,40,40
2260,55,55
2261,150,150
2262,150,150
2263,161,161
2264,10,10
2265,5,5
2266,5,5
2267,15,15
2268,47,47
2269,154,154
2270,154,154
2271,181,181
2272,14,14
2273,7,7
2274,7,7
2275,9,9
2276,36,36
2277,18,18
2278,18,18
2279,54,54
2280,27,27
2281,128,128
2282,128,128
2283,155,155
2284,223,223
2285,226,226
2286,226,226
2287,61,61
2288,205,205
2289,235,235
2290,235,235
2291,38,38
2292,78,78
2293,39,39
2294,39,39
2295,105,105
2296,127,127
2297,178,178
2298,178,178
2299,205,205
2300,234,234
2301,117,117
2302,117,117
2303,159,159
2304,18,18
2305,9,9
2306,9,9
2307,27,27
2308,29,29
2309,131,131
2310,131,131
2311,158,158
2312,88,88
2313,44,44
2314,44,44
2315,116,116
2316,52,52
2317,26,26
2318,26,26
2319,46,46
2320,54,54
2321,27,27
2322,27,27
2323,45,45
2324,220,220
2325,110,110
2326,110,110
2327,178,178
2328,180,180
2329,90,90
2330,90,90
2331,238,238
2332,91,91
2333,160,160
2334,160,160
2335,251,251
2336,164,164
2337,82,82
2338,82,82
2339,246,246
2340,118,118
2341,59,59
2342,59,59
2343,77,77
2344,183,183
2345,214,214
2346,214,214
2347,97,97
2348,125,125
2349,179,179
2350,179,179
2351,206,206
2352,82,82
2353,41,41
2354,41,41
2355,123,123
2356,221,221
2357,227,227
2358,227,227
2359,62,62
2360,94,94
2361,47,47
2362,47,47
2363,113,113
2364,19,19
2365,132,132
2366,132,132
2367,151,151
2368,166,166
2369,83,83
2370,83,83
2371,245,245
2372,185,185
2373,209,209
2374,209,209
2375,104,104
2376,0,0
2377,0,0
2378,0,0
2379,0,0
2380,193,193
2381,237,237
2382,237,237
2383,44,44
2384,64,64
2385,32,32
2386,32,32
2387,96,96
2388,227,227
2389,252,252
2390,252,252
2391,31,31
2392,121,121
2393,177,177
2394,177,177
2395,200,200
2396,182,182
2397,91,91
2398,91,91
2399,237,237
2400,212,212
2401,106,106
2402,106,106
2403,190,190
2404,141,141
2405,203,203
2406,203,203
2407,70,70
2408,103,103
2409,190,190
2410,190,190
2411,217,217
2412,114,114
2413,57,57
2414,57,57
2415,75,75
2416,148,148
2417,74,74
2418,74,74
2419,222,222
2420,152,152
2421,76,76
2422,76,76
2423,212,212
2424,176,176
2425,88,88
2426,88,88
2427,232,232
2428,133,133
2429,207,207
2430,207,207
2431,74,74
2432,187,187
2433,208,208
2434,208,208
2435,107,107
2436,197,197
2437,239,239
2438,239,239
2439,42,42
2440,79,79
2441,170,170
2442,170,170
2443,229,229
2444,237,237
2445,251,251
2446,251,251
2447,22,22
2448,134,134
2449,67,67
2450,67,67
2451,197,197
2452,154,154
2453,77,77
2454,77,77
2455,215,215
2456,102,102
2457,51,51
2458,51,51
2459,85,85
2460,17,17
2461,133,133
2462,133,133
2463,148,148
2464,138,138
2465,69,69
2466,69,69
2467,207,207
2468,233,233
2469,249,249
2470,249,249
2471,16,16
2472,4,4
2473,2,2
2474,2,2
2475,6,6
2476,254,254
2477,127,127
2478,127,127
2479,129,129
2480,160,160
2481,80,80
2482,80,80
2483,240,240
2484,120,120
2485,60,60
2486,60,60
2487,68,68
2488,37,37
2489,159,159
2490,159,159
2491,186,186
2492,75,75
2493,168,168
2494,168,168
2495,227,227
2496,162,162
2497,81,81
2498,81,81
2499,243,243
2500,93,93
2501,163,163
2502,163,163
2503,254,254
2504,128,128
2505,64,64
2506,64,64
2507,192,192
2508,5,5
2509,143,143
2510,143,143
2511,138,138
2512,63,63
2513,146,146
2514,146,146
2515,173,173
2516,33,33
2517,157,157
2518,157,157
2519,188,188
2520,112,112
2521,56,56
2522,56,56
2523,72,72
2524,241,241
2525,245,245
2526,245,245
2527,4,4
2528,99,99
2529,188,188
2530,188,188
2531,223,223
2532,119,119
2533,182,182
2534,182,182
2535,193,193
2536,175,175
2537,218,218
2538,218,218
2539,117,117
2540,66,66
2541,33,33
2542,33,33
2543,99,99
2544,32,32
2545,16,16
2546,16,16
2547,48,48
2548,229,229
2549,255,255
2550,255,255
2551,26,26
2552,253,253
2553,243,243
2554,243,243
2555,14,14
2556,191,191
2557,210,210
2558,210,210
2559,109,109
2560,129,129
2561,205,205
2562,205,205
2563,76,76
2564,24,24
2565,12,12
2566,12,12
2567,20,20
2568,38,38
2569,19,19
2570,19,19
2571,53,53
2572,195,195
2573,236,236
2574,236,236
2575,47,47
2576,190,190
2577,95,95
2578,95,95
2579,225,225
2580,53,53
2581,151,151
2582,151,151
2583,162,162
2584,136,136
2585,68,68
2586,68,68
2587,204,204
2588,46,46
2589,23,23
2590,23,23
2591,57,57
2592,147,147
2593,196,196
2594,196,196
2595,87,87
2596,85,85
2597,167,167
2598,167,167
2599,242,242
2600,252,252
2601,126,126
2602,126,126
2603,130,130
2604,122,122
2605,61,61
2606,61,61
2607,71,71
2608,200,200
2609,100,100
2610,100,100
2611,172,172
2612,186,186
2613,93,93
2614,93,93
2615,231,231
2616,50,50
2617,25,25
2618,25,25
2619,43,43
2620,230,230
2621,115,115
2622,115,115
2623,149,149
2624,192,192
2625,96,96
2626,96,96
2627,160,160
2628,25,25
2629,129,129
2630,129,129
2631,152,152
2632,158,158
2633,79,79
2634,79,79
2635,209,209
2636,163,163
2637,220,220
2638,220,220
2639,127,127
2640,68,68
2641,34,34
2642,34,34
2643,102,102
2644,84,84
2645,42,42
2646,42,42
2647,126,126
2648,59,59
2649,144,144
2650,144,144
2651,171,171
2652,11,11
2653,136,136
2654,136,136
2655,131,131
2656,140,140
2657,70,70
2658,70,70
2659,202,202
2660,199,199
2661,238,238
2662,238,238
2663,41,41
2664,107,107
2665,184,184
2666,184,184
2667,211,211
2668,40,40
2669,20,20
2670,20,20
2671,60,60
2672,167,167
2673,222,222
2674,222,222
2675,121,121
2676,188,188
2677,94,94
2678,94,94
2679,226,226
2680,22,22
2681,11,11
2682,11,11
2683,29,29
2684,173,173
2685,219,219
2686,219,219
2687,118,118
2688,219,219
2689,224,224
2690,224,224
2691,59,59
2692,100,100
2693,50,50
2694,50,50
2695,86,86
2696,116,116
2697,58,58
2698,58,58
2699,78,78
2700,20,20
2701,10,10
2702,10,10
2703,30,30
2704,146,146
2705,73,73
2706,73,73
2707,219,219
2708,12,12
2709,6,6
2710,6,6
2711,10,10
2712,72,72
2713,36,36
2714,36,36
2715,108,108
2716,184,184
2717,92,92
2718,92,92
2719,228,228
2720,159,159
2721,194,194
2722,194,194
2723,93,93
2724,189,189
2725,211,211
2726,211,211
2727,110,110
2728,67,67
2729,172,172
2730,172,172
2731,239,239
2732,196,196
2733,98,98
2734,98,98
2735,166,166
2736,57,57
2737,145,145
2738,145,145
2739,168,168
2740,49,49
2741,149,149
2742,149,149
2743,164,164
2744,211,211
2745,228,228
2746,228,228
2747,55,55
2748,242,242
2749,121,121
2750,121,121
2751,139,139
2752,213,213
2753,231,231
2754,231,231
2755,50,50
2756,139,139
2757,200,200
2758,200,200
2759,67,67
2760,110,110
2761,55,55
2762,55,55
2763,89,89
2764,218,218
2765,109,109
2766,109,109
2767,183,183
2768,1,1
2769,141,141
2770,141,141
2771,140,140
2772,177,177
2773,213,213
2774,213,213
2775,100,100
2776,156,156
2777,78,78
2778,78,78
2779,210,210
2780,73,73
2781,169,169
2782,169,169
2783,224,224
2784,216,216
2785,108,108
2786,108,108
2787,180,180
2788,172,172
2789,86,86
2790,86,86
2791,250,250
2792,243,243
2793,244,244
2794,244,244
2795,7,7
2796,207,207
2797,234,234
2798,234,234
2799,37,37
2800,202,202
2801,101,101
2802,101,101
2803,175,175
2804,244,244
2805,122,122
2806,122,122
2807,142,142
2808,71,71
2809,174,174
2810,174,174
2811,233,233
2812,16,16
2813,8,8
2814,8,8
2815,24,24
2816,111,111
2817,186,186
2818,186,186
2819,213,213
2820,240,240
2821,120,120
2822,120,120
2823,136,136
2824,74,74
2825,37,37
2826,37,37
2827,111,111
2828,92,92
2829,46,46
2830,46,46
2831,114,114
2832,56,56
2833,28,28
2834,28,28
2835,36,36
2836,87,87
2837,166,166
2838,166,166
2839,241,241
2840,115,115
2841,180,180
2842,180,180
2843,199,199
2844,151,151
2845,198,198
2846,198,198
2847,81,81
2848,203,203
2849,232,232
2850,232,232
2851,35,35
2852,161,161
2853,221,221
2854,221,221
2855,124,124
2856,232,232
2857,116,116
2858,116,116
2859,156,156
2860,62,62
2861,31,31
2862,31,31
2863,33,33
2864,150,150
2865,75,75
2866,75,75
2867,221,221
2868,97,97
2869,189,189
2870,189,189
2871,220,220
2872,13,13
2873,139,139
2874,139,139
2875,134,134
2876,15,15
2877,138,138
2878,138,138
2879,133,133
2880,224,224
2881,112,112
2882,112,112
2883,144,144
2884,124,124
2885,62,62
2886,62,62
2887,66,66
2888,113,113
2889,181,181
2890,181,181
2891,196,196
2892,204,204
2893,102,102
2894,102,102
2895,170,170
2896,144,144
2897,72,72
2898,72,72
2899,216,216
2900,6,6
2901,3,3
2902,3,3
2903,5,5
2904,247,247
2905,246,246
2906,246,246
2907,1,1
2908,28,28
2909,14,14
2910,14,14
2911,18,18
2912,194,194
2913,97,97
2914,97,97
2915,163,163
2916,106,106
2917,53,53
2918,53,53
2919,95,95
2920,174,174
2921,87,87
2922,87,87
2923,249,249
2924,105,105
2925,185,185
2926,185,185
2927,208,208
2928,23,23
2929,134,134
2930,134,134
2931,145,145
2932,153,153
2933,193,193
2934,193,193
2935,88,88
2936,58,58
2937,29,29
2938,29,29
2939,39,39
2940,39,39
2941,158,158
2942,158,158
2943,185,185
2944,217,217
2945,225,225
2946,225,225
2947,56,56
2948,235,235
2949,248,248
2950,248,248
2951,19,19
2952,43,43
2953,152,152
2954,152,152
2955,179,179
2956,34,34
2957,17,17
2958,17,17
2959,51,51
2960,210,210
2961,105,105
2962,105,105
2963,187,187
2964,169,169
2965,217,217
2966,217,217
2967,112,112
2968,7,7
2969,142,142
2970,142,142
2971,137,137
2972,51,51
2973,148,148
2974,148,148
2975,167,167
2976,45,45
2977,155,155
2978,155,155
2979,182,182
2980,60,60
2981,30,30
2982,30,30
2983,34,34
2984,21,21
2985,135,135
2986,135,135
2987,146,146
2988,201,201
2989,233,233
2990,233,233
2991,32,32
2992,135,135
2993,206,206
2994,206,206
2995,73,73
2996,170,170
2997,85,85
2998,85,85
2999,255,255
3000,80,80
3001,40,40
3002,40,40
3003,120,120
3004,165,165
3005,223,223
3006,223,223
3007,122,122
3008,3,3
3009,140,140
3010,140,140
3011,143,143
3012,89,89
3013,161,161
3014,161,161
3015,248,248
3016,9,9
3017,137,137
3018,137,137
3019,128,128
3020,26,26
3021,13,13
3022,13,13
3023,23,23
3024,101,101
3025,191,191
3026,191,191
3027,218,218
3028,215,215
3029,230,230
3030,230,230
3031,49,49
3032,132,132
3033,66,66
3034,66,66
3035,198,198
3036,208,208
3037,104,104
3038,104,104
3039,184,184
3040,130,130
3041,65,65
3042,65,65
3043,195,195
3044,41,41
3045,153,153
3046,153,153
3047,176,176
3048,90,90
3049,45,45
3050,45,45
3051,119,119
3052,30,30
3053,15,15
3054,15,15
3055,17,17
3056,123,123
3057,176,176
3058,176,176
3059,203,203
3060,168,168
3061,84,84
3062,84,84
3063,252,252
3064,109,109
3065,187,187
3066,187,187
3067,214,214
3068,44,44
3069,22,22
3070,22,22
3071,58,58
4056,185,185
4057,143,143
4058,203,203
4059,112,112
4060,224,224
4061,245,245
4062,67,67
4063,178,178
4064,119,119
4065,145,145
4066,105,105
4067,232,232
4068,19,19
4069,84,84
4070,27,27
4071,80,80
4072,0,119
4073,0,53
4074,0,144
4075,0,209
4076,0,66
4077,0,213
4078,0,190
4079,0,219
4080,0,72
4081,0,47
4082,0,189
4083,0,64
4084,0,181
4085,0,13
4086,0,89
4087,0,229
4088,1,1
4089,0,0
4090,0,0
4091,0,0
4094,1,0
